Block,Acceptance
0,0
1,0
2,0
3,0
4,0
5,1
6,0
7,0
8,0
9,1
10,0
11,1
12,1
13,0
14,0
15,0
16,0
17,0
18,0
19,1
20,0
21,1
22,1
23,1
24,0
25,1
26,1
27,0
28,0
29,0
30,1
31,0
32,1
33,1
34,1
35,1
36,0
37,1
38,0
39,1
40,0
41,1
42,1
43,1
44,0
45,1
46,1
47,0
48,0
49,0
50,0
51,1
52,1
53,1
54,1
55,1
56,0
57,0
58,1
59,0
60,1
61,1
62,1
63,0
64,1
65,0
66,1
67,0
68,0
69,0
70,0
71,0
72,0
73,1
74,1
75,0
76,1
77,1
78,0
79,0
80,0
81,1
82,0
83,0
84,1
85,0
86,0
87,0
88,1
89,0
90,0
91,1
92,0
93,0
94,0
95,0
96,0
97,0
98,0
99,0
100,0
101,0
102,0
103,0
104,0
105,1
106,0
107,0
108,1
109,0
110,0
111,1
112,0
113,1
114,0
115,1
116,0
117,0
118,0
119,1
120,0
121,0
122,0
123,0
124,0
125,1
126,0
127,0
128,1
129,1
130,1
131,0
132,1
133,0
134,1
135,0
136,0
137,0
138,1
139,0
140,1
141,1
142,1
143,1
144,0
145,0
146,0
147,0
148,1
149,0
150,1
151,0
152,1
153,1
154,0
155,0
156,0
157,0
158,0
159,1
160,0
161,0
162,0
163,0
164,0
165,0
166,0
167,0
168,1
169,0
170,0
171,0
172,0
173,1
174,0
175,1
176,1
177,0
178,1
179,0
180,0
181,0
182,0
183,0
184,0
185,0
186,1
187,0
188,0
189,0
190,0
191,0
192,0
193,0
194,0
195,1
196,0
197,0
198,0
199,0
200,1
201,0
202,0
203,1
204,0
205,0
206,0
207,0
208,1
209,0
210,1
211,1
212,0
213,0
214,0
215,1
216,0
217,0
218,0
219,1
220,0
221,0
222,0
223,0
224,0
225,0
226,1
227,1
228,0
229,1
230,0
231,0
232,0
233,0
234,1
235,0
236,0
237,0
238,1
239,0
240,1
241,0
242,0
243,1
244,1
245,0
246,1
247,1
248,0
249,1
250,1
251,0
252,0
253,1
254,0
255,0
256,0
257,0
258,0
259,0
260,0
261,1
262,1
263,0
264,0
265,0
266,1
267,1
268,0
269,0
270,0
271,0
272,0
273,0
274,0
275,1
276,0
277,0
278,0
279,0
280,1
281,0
282,0
283,0
284,0
285,1
286,1
287,0
288,0
289,0
290,1
291,1
292,0
293,0
294,0
295,0
296,0
297,0
298,0
299,1
300,0
301,1
302,0
303,1
304,0
305,1
306,0
307,1
308,0
309,1
310,0
311,0
312,1
313,1
314,0
315,0
316,0
317,1
318,1
319,0
320,0
321,0
322,0
323,0
324,1
325,1
326,1
327,0
328,0
329,0
330,0
331,0
332,0
333,1
334,0
335,0
336,0
337,1
338,1
339,1
340,0
341,1
342,0
343,0
344,1
345,1
346,1
347,0
348,0
349,0
350,1
351,1
352,1
353,1
354,1
355,1
356,1
357,1
358,0
359,0
360,1
361,0
362,0
363,0
364,0
365,0
366,1
367,0
368,1
369,0
370,1
371,0
372,1
373,0
374,1
375,1
376,1
377,1
378,0
379,1
380,1
381,0
382,0
383,1
384,0
385,0
386,0
387,0
388,0
389,0
390,0
391,0
392,0
393,1
394,0
395,0
396,0
397,0
398,1
399,0
400,0
401,0
402,1
403,0
404,0
405,0
406,0
407,1
408,0
409,0
410,0
411,0
412,0
413,0
414,0
415,0
416,0
417,0
418,1
419,0
420,0
421,0
422,0
423,0
424,0
425,0
426,1
427,0
428,0
429,0
430,0
431,0
432,0
433,1
434,1
435,1
436,0
437,0
438,0
439,1
440,1
441,0
442,0
443,1
444,0
445,0
446,0
447,0
448,0
449,1
450,1
451,0
452,0
453,0
454,0
455,0
456,1
457,1
458,1
459,0
460,1
461,1
462,1
463,1
464,1
465,0
466,0
467,1
468,1
469,0
470,1
471,1
472,0
473,0
474,0
475,1
476,0
477,0
478,1
479,1
480,1
481,1
482,1
483,0
484,0
485,0
486,0
487,1
488,1
489,0
490,0
491,1
492,0
493,1
494,1
495,0
496,1
497,1
498,0
499,1
500,1
501,1
502,0
503,0
504,1
505,0
506,1
507,0
508,0
509,0
510,0
511,1
512,0
513,1
514,1
515,1
516,0
517,1
518,1
519,0
520,0
521,0
522,0
523,0
524,0
525,1
526,1
527,1
528,1
529,0
530,0
531,0
532,0
533,1
534,1
535,0
536,0
537,1
538,0
539,0
540,0
541,0
542,1
543,1
544,0
545,1
546,1
547,0
548,0
549,0
550,0
551,0
552,1
553,0
554,0
555,1
556,0
557,0
558,0
559,0
560,0
561,0
562,1
563,0
564,0
565,0
566,1
567,1
568,0
569,0
570,1
571,0
572,1
573,0
574,0
575,1
576,0
577,0
578,1
579,0
580,0
581,0
582,0
583,0
584,1
585,1
586,1
587,1
588,0
589,0
590,1
591,1
592,1
593,0
594,0
595,0
596,0
597,0
598,0
599,0
600,0
601,1
602,0
603,0
604,0
605,0
606,0
607,0
608,0
609,0
610,0
611,1
612,0
613,1
614,1
615,0
616,0
617,0
618,0
619,1
620,1
621,0
622,1
623,0
624,0
625,0
626,0
627,0
628,0
629,0
630,0
631,0
632,0
633,1
634,1
635,0
636,0
637,1
638,0
639,1
640,0
641,0
642,0
643,1
644,1
645,1
646,1
647,0
648,0
649,0
650,1
651,0
652,1
653,0
654,0
655,0
656,0
657,1
658,1
659,0
660,0
661,1
662,1
663,1
664,0
665,0
666,0
667,1
668,1
669,0
670,0
671,0
672,0
673,1
674,0
675,0
676,0
677,0
678,1
679,0
680,1
681,1
682,0
683,1
684,0
685,0
686,1
687,0
688,1
689,0
690,1
691,1
692,1
693,1
694,0
695,0
696,1
697,0
698,0
699,0
700,0
701,0
702,1
703,1
704,1
705,0
706,1
707,0
708,1
709,1
710,1
711,0
712,1
713,0
714,0
715,1
716,1
717,0
718,1
719,0
720,0
721,0
722,0
723,1
724,1
725,0
726,1
727,1
728,0
729,0
730,0
731,0
732,1
733,0
734,1
735,0
736,1
737,0
738,0
739,1
740,0
741,0
742,0
743,0
744,0
745,1
746,1
747,0
748,0
749,0
750,0
751,0
752,1
753,0
754,0
755,1
756,0
757,0
758,1
759,0
760,0
761,0
762,0
763,0
764,0
765,0
766,0
767,0
768,0
769,0
770,1
771,0
772,0
773,0
774,1
775,0
776,1
777,0
778,0
779,1
780,0
781,0
782,0
783,1
784,0
785,0
786,0
787,0
788,1
789,0
790,0
791,0
792,0
793,1
794,0
795,0
796,0
797,1
798,1
799,0
800,0
801,0
802,1
803,0
804,0
805,0
806,0
807,0
808,1
809,1
810,0
811,0
812,1
813,0
814,0
815,0
816,0
817,1
818,0
819,0
820,0
821,0
822,0
823,0
824,0
825,0
826,0
827,0
828,0
829,0
830,0
831,0
832,0
833,1
834,0
835,0
836,0
837,0
838,0
839,0
840,0
841,1
842,0
843,0
844,0
845,1
846,1
847,0
848,0
849,0
850,1
851,1
852,0
853,1
854,1
855,0
856,0
857,0
858,0
859,1
860,0
861,0
862,1
863,0
864,1
865,0
866,0
867,0
868,1
869,0
870,1
871,0
872,0
873,0
874,0
875,1
876,1
877,1
878,0
879,1
880,1
881,0
882,0
883,1
884,0
885,0
886,0
887,0
888,0
889,0
890,1
891,0
892,1
893,0
894,0
895,0
896,0
897,0
898,0
899,0
900,0
901,1
902,1
903,0
904,1
905,0
906,1
907,1
908,0
909,1
910,0
911,1
912,0
913,0
914,0
915,0
916,1
917,0
918,0
919,1
920,1
921,0
922,1
923,0
924,1
925,0
926,0
927,0
928,0
929,0
930,0
931,0
932,1
933,0
934,1
935,0
936,0
937,1
938,0
939,0
940,0
941,0
942,1
943,1
944,0
945,1
946,0
947,0
948,0
949,1
950,0
951,0
952,0
953,1
954,0
955,0
956,0
957,0
958,1
959,0
960,1
961,0
962,0
963,0
964,0
965,1
966,0
967,1
968,1
969,1
970,0
971,1
972,1
973,0
974,0
975,1
976,0
977,0
978,0
979,1
980,0
981,1
982,1
983,1
984,0
985,0
986,0
987,1
988,1
989,1
990,0
991,0
992,0
993,1
994,0
995,0
996,1
997,0
998,0
999,1
